3 0
0 62
1 0
0 2
-4 0
0 -2
1 0
0 -60
-1 0
0 -2
4 0
3 0
0 26
0 0
0 -6
0 -2
0 -4
-1 -3
0 -3
0 -3
-1 -1
0 -1
-1 -1
0 -2
11 0
0 2
-1 0
0 2
0 1
0 1
0 4
0 51
1 0
0 3
-4 0
0 -3
1 0
0 -45
0 -5
0 -2
0 -2
0 -1
0 -2
1 -3
1 -1
1 0
1 0
0 0
1 0
0 1
0 1
1 2
0 0
0 2
0 2
0 2
0 5
0 40
0 2
0 2
1 1
0 1
0 0
0 0
0 3
-2 0
0 -3
0 0
0 0
0 -1
1 -1
0 -2
0 -2
0 -42
0 -3
0 -2
0 -1
-1 -2
0 -1
0 -1
0 -1
-1 0
0 0
0 -2
10 0
0 2
0 0
0 2
-1 1
0 2
0 2
0 2
0 6
0 29
0 6
0 3
0 1
0 2
1 2
0 1
0 0
0 3
0 -1
-1 -1
0 -1
-1 -2
0 -3
0 -3
-1 -4
0 -5
0 -3
0 -8
0 -3
0 -7
0 -4
0 -5
1 -4
0 -3
0 -3
1 -2
0 -1
1 -1
0 0
1 0
0 2
0 0
1 2
0 1
0 2
0 2
0 2
0 6
0 29
0 6
0 3
0 1
0 2
0 2
-1 1
0 0
0 3
1 -1
0 -1
0 -1
1 -2
0 -3
1 -3
0 -4
0 -5
0 -3
0 -8
0 -3
0 -7
0 -4
0 -5
0 -4
-1 -3
0 -3
-1 -2
0 -1
0 -1
-1 0
7 0
3 0
0 62
1 0
0 2
-4 0
0 -2
1 0
0 -60
-1 0
0 -2
4 0
3 0
0 26
0 0
-1 -6
0 -2
0 -4
0 -3
0 -3
-1 -3
0 -1
-1 -1
0 -1
0 -2
6 -1
0 3
0 0
1 0
0 1
0 1
1 4
2 28
0 -3
-2 -26
0 -2
0 -2
0 0
0 -1
1 0
0 0
0 -3
-3 0
3 14
0 3
2 0
0 -3
-2 0
3 -11
1 0
-3 42
1 19
4 -61
1 0
0 -3
-4 0
0 3
8 -2
3 0
0 64
-3 0
0 -2
1 0
0 -60
-1 0
0 -2
4 0
1 0
0 1
1 1
0 3
1 4
0 3
0 4
0 2
0 5
0 3
-1 3
0 1
0 1
-1 1
0 0
0 1
-1 0
0 -1
0 0
0 -1
1 -1
0 -2
0 -4
0 -16
0 -2
0 -1
0 -2
-1 -1
0 0
0 -2
0 40
1 2
0 4
0 6
0 7
-1 1
0 1
0 1
0 2
1 -2
0 -1
1 -2
0 -1
0 -2
0 -2
0 -2
0 -3
0 -2
0 -1
0 -2
0 -2
-1 -1
-1 -1
